[-1.26119853e+01 -1.20677898e+01 -9.27708241e+00 -9.27708241e+00
 -8.95163604e+00 -8.66064367e+00 -7.36618370e+00 -6.98646836e+00
 -6.98646836e+00 -6.85072732e+00 -6.31866637e+00 -6.31866637e+00
 -6.17500999e+00 -5.56179178e+00 -4.40907438e+00 -4.30076095e+00
 -4.14322907e+00 -4.14322907e+00 -4.10991620e+00 -4.04778528e+00
 -3.92650329e+00 -3.90046093e+00 -3.76071591e+00 -3.76071591e+00
 -2.98100057e+00 -2.93221944e+00 -2.35353193e+00 -2.35353193e+00
 -2.06233967e+00 -1.86055025e+00 -1.72714962e+00 -1.72714962e+00
 -1.51347267e+00 -1.51347267e+00 -9.78527143e-01 -6.16796022e-01
 -6.00400064e-01 -4.76430806e-01 -4.76430806e-01 -4.06029744e-01
 -1.23680285e-01 -5.43025487e-03  1.09941730e-01  1.09941730e-01
  3.89042559e-01  6.22944725e-01  9.00045816e-01  9.00045816e-01
  1.62655276e+00  1.69702030e+00  1.88149950e+00  1.95361073e+00
  2.15395869e+00  2.15395869e+00  2.41253517e+00  2.41253517e+00
  2.48439579e+00  3.31935629e+00  3.55473321e+00  3.61021305e+00
  3.73802173e+00  3.73802173e+00  3.89066794e+00  4.17523502e+00
  4.17523502e+00  5.05597438e+00  5.72740785e+00  5.72740785e+00
  5.91830564e+00  5.91830564e+00  6.84772080e+00  6.91778645e+00
  7.04578613e+00  7.39314462e+00  7.47505417e+00  8.19862474e+00
  9.23443393e+00  9.55246133e+00  9.55246133e+00  1.29010158e+01
  1.31453325e+01]