-9.319819942307543
-9.289542317145285
-7.301792935058171
-6.912238718665699
-6.912238718665686
-6.629112369599509
-5.894263243697364
-5.894263243697355
-5.474784949826817
-5.474784949826812
-4.532227419633588
-3.947286672843328
-3.947286672843322
-3.777191084521113
-3.7771910845211085
-3.352250810901697
-2.8957560845980317
-2.7160097910007
-2.2093188751477135
-2.2093188751477078
-2.0470158664452347
-2.047015866445227
-1.5070854955385988
-1.1537024851692155
-1.1537024851692113
-1.0074553740699912
-1.007455374069989
-1.0019605116504946
-0.8616617890809919
-0.6091486227224278
-0.29318515796159655
-0.29318515796159494
0.6112909126668314
0.6112909126668326
0.827395603342305
0.9144316305369247
1.103709850302993
1.1037098503029963
1.1431995067596332
1.143199506759637
1.5145448908296781
1.5145448908296841
1.6612806022539164
1.8767691489387128
1.8767691489387197
2.2284914796690045
2.939245235616108
3.6327062223117403
3.6327062223117492
3.6858069452095354
3.6858069452095426
4.4139564807066725
4.811904668518506
5.47354930935027
5.473549309350278
5.923681021537291
6.064623453009026
6.064623453009029
6.171612970293557
6.171612970293561
6.379978012967303
6.492204915407696
7.855483471490735
8.445573404542621
